4 0.66796875 0.82734375 0.128125 0.27890625
4 0.8046875 0.8171875 0.178125 0.365625
4 0.9234375 0.81953125 0.153125 0.3609375
4 0.9765625 0.4609375 0.046875 0.1875
4 0.896875 0.55859375 0.16484375 0.1625
4 0.77734375 0.56796875 0.11484375 0.234375
4 0.76953125 0.3890625 0.1109375 0.121875
4 0.753125 0.31171875 0.1015625 0.0421875
4 0.68828125 0.259375 0.08046875 0.06015625
4 0.65703125 0.29609375 0.08984375 0.075
4 0.6640625 0.39375 0.103125 0.13203125
4 0.66171875 0.56953125 0.128125 0.24296875
4 0.496875 0.7953125 0.1421875 0.375
4 0.52109375 0.52421875 0.12265625 0.16875
4 0.53828125 0.3859375 0.10859375 0.11640625
4 0.54140625 0.20078125 0.05859375 0.0609375
4 0.525 0.29140625 0.08984375 0.0765625
4 0.440625 0.3890625 0.10078125 0.128125
4 0.40078125 0.55859375 0.1296875 0.21015625
4 0.38203125 0.82734375 0.14375 0.27265625
4 0.24921875 0.19140625 0.07109375 0.10078125
4 0.328125 0.27265625 0.07265625 0.19921875
4 0.38828125 0.30234375 0.084375 0.15703125
4 0.221875 0.290625 0.0875 0.22890625
4 0.30390625 0.51796875 0.1125 0.31640625
4 0.21171875 0.5546875 0.159375 0.31015625
4 0.09140625 0.42265625 0.11953125 0.1515625
12 0.54296875 0.16640625 0.02265625 0.02265625
12 0.49921875 0.2703125 0.02734375 0.02265625
12 0.6328125 0.27265625 0.02578125 0.021875
12 0.7078125 0.23125 0.02421875 0.025
12 0.63828125 0.3484375 0.0359375 0.03046875
12 0.7 0.46640625 0.0359375 0.03671875
12 0.9375 0.48828125 0.0515625 0.04375
12 0.28515625 0.23515625 0.03828125 0.0328125
12 0.15 0.23203125 0.03515625 0.0328125
12 0.17109375 0.578125 0.065625 0.07265625
12 0.03828125 0.53828125 0.07578125 0.0796875
12 0.08203125 0.4015625 0.06015625 0.0609375
12 0.5015625 0.6203125 0.0515625 0.05078125
12 0.80390625 0.646875 0.06015625 0.05625
12 0.9671875 0.65390625 0.065625 0.0546875