12 0.471875 0.17109375 0.040625 0.05546875
12 0.77578125 0.1921875 0.0390625 0.04609375
12 0.26875 0.2515625 0.053125 0.06640625
12 0.19453125 0.25859375 0.05703125 0.0625
12 0.24140625 0.41875 0.0671875 0.0703125
12 0.5359375 0.53359375 0.06015625 0.0625
12 0.76484375 0.43984375 0.03203125 0.05078125
4 0.45625 0.34296875 0.165625 0.34921875
4 0.3234375 0.40625 0.159375 0.3796875
4 0.1625 0.30546875 0.20078125 0.29453125
4 0.7359375 0.66328125 0.365625 0.32578125
4 0.6796875 0.48125 0.278125 0.2296875
4 0.22109375 0.57265625 0.2859375 0.440625
4 0.4265625 0.71640625 0.4375 0.56640625
4 0.659375 0.27890625 0.265625 0.325