4 0.49375 0.28671875 0.15625 0.52421875
4 0.7734375 0.37734375 0.2625 0.53515625
4 0.62265625 0.31328125 0.11484375 0.48203125
4 0.26640625 0.37421875 0.28125 0.4859375
4 0.58125 0.72734375 0.21171875 0.3578125
4 0.440625 0.7546875 0.28515625 0.44921875
4 0.73671875 0.6046875 0.16640625 0.3125
4 0.36796875 0.48828125 0.12109375 0.22578125
12 0.7125 0.196875 0.06484375 0.06953125
12 0.60078125 0.13359375 0.0609375 0.06171875
12 0.496875 0.01328125 0.0640625 0.0265625
12 0.2953125 0.15234375 0.06328125 0.05078125