6 0.121875 0.65546875 0.18203125 0.6890625
6 0.2453125 0.62890625 0.15390625 0.678125
6 0.30859375 0.5546875 0.0984375 0.6125
6 0.3828125 0.5203125 0.1171875 0.5640625
6 0.45 0.4609375 0.08671875 0.5703125
6 0.5203125 0.4390625 0.096875 0.54375
6 0.58203125 0.44921875 0.08671875 0.4390625
6 0.63984375 0.38046875 0.06796875 0.42890625
6 0.715625 0.33671875 0.0546875 0.35390625
6 0.7859375 0.675 0.046875 0.2515625
6 0.53359375 0.95703125 0.05078125 0.0859375
6 0.57265625 0.94921875 0.0453125 0.10078125
6 0.62109375 0.92734375 0.05859375 0.1453125
6 0.659375 0.90625 0.06796875 0.1875