0 0.71953125 0.73671875 0.15546875 0.34453125
0 0.50625 0.79609375 0.1234375 0.3234375
0 0.32890625 0.675 0.14765625 0.31328125
0 0.5234375 0.559375 0.103125 0.25234375
0 0.71796875 0.41796875 0.1203125 0.3234375
0 0.8171875 0.2296875 0.1234375 0.29609375
0 0.89296875 0.20078125 0.12890625 0.2953125
0 0.8109375 0.16328125 0.10859375 0.25859375
0 0.484375 0.3265625 0.0734375 0.27890625
0 0.24375 0.446875 0.12265625 0.27734375
0 0.1390625 0.51484375 0.159375 0.27421875
0 0.2203125 0.240625 0.10703125 0.23515625
0 0.14140625 0.278125 0.11015625 0.23828125
0 0.07109375 0.29375 0.12421875 0.21328125