11 0.375 0.19140625 0.1421875 0.23046875
11 0.6046875 0.3 0.20859375 0.2
11 0.6390625 0.5171875 0.18515625 0.21484375
11 0.36953125 0.48203125 0.45703125 0.4
11 0.1578125 0.6359375 0.17578125 0.23046875
11 0.32734375 0.8328125 0.5109375 0.3328125
11 0.8890625 0.6421875 0.1796875 0.29375
11 0.73125 0.79921875 0.196875 0.3984375
12 0.39921875 0.05234375 0.05234375 0.06015625
12 0.06640625 0.753125 0.05703125 0.07734375
12 0.271875 0.6859375 0.06640625 0.08828125
12 0.20234375 0.7953125 0.07109375 0.0921875
12 0.478125 0.253125 0.04453125 0.1
12 0.76953125 0.55390625 0.0328125 0.09765625
12 0.9296875 0.840625 0.075 0.06171875
12 0.5640625 0.5078125 0.0484375 0.0953125