14 0.45390625 0.12734375 0.14296875 0.21875
14 0.171875 0.37421875 0.19921875 0.1796875
14 0.390625 0.35625 0.17890625 0.209375
14 0.5671875 0.31328125 0.1640625 0.215625
14 0.7375 0.2890625 0.17734375 0.2078125
14 0.2796875 0.56484375 0.209375 0.1625
14 0.65859375 0.4890625 0.2109375 0.146875
14 0.8484375 0.6265625 0.20546875 0.14296875
14 0.628125 0.66640625 0.1796875 0.20546875
14 0.440625 0.6921875 0.15 0.215625
14 0.23046875 0.78046875 0.19140625 0.19921875
14 0.5640625 0.85234375 0.15234375 0.21484375