14 0.19921875 0.5484375 0.0875 0.159375
14 0.2984375 0.2828125 0.08359375 0.1296875
14 0.38515625 0.221875 0.0703125 0.1328125
14 0.325 0.33671875 0.11015625 0.12734375
14 0.43828125 0.33671875 0.11484375 0.1
14 0.52421875 0.3234375 0.11875 0.1046875
14 0.628125 0.36953125 0.1109375 0.1296875
14 0.71328125 0.315625 0.11484375 0.1203125
14 0.71953125 0.41640625 0.121875 0.12578125
14 0.34453125 0.446875 0.12265625 0.09375
14 0.31875 0.54765625 0.1078125 0.15390625
14 0.71171875 0.66484375 0.1375 0.115625
14 0.6125 0.4765625 0.11171875 0.1359375
14 0.55859375 0.49375 0.11015625 0.1203125
14 0.5328125 0.6109375 0.10859375 0.159375
14 0.42734375 0.61640625 0.10078125 0.1671875
14 0.25234375 0.59453125 0.0984375 0.1671875
14 0.33359375 0.65546875 0.08671875 0.16484375
14 0.45859375 0.509375 0.11640625 0.11640625