12 0.21484375 0.11171875 0.04296875 0.05703125
12 0.428125 0.1328125 0.03984375 0.05625
12 0.5046875 0.1578125 0.046875 0.06171875
12 0.54921875 0.47265625 0.05546875 0.08125
12 0.27421875 0.52265625 0.06171875 0.0828125
12 0.1625 0.5296875 0.06171875 0.08671875
11 0.240625 0.246875 0.1109375 0.2546875
11 0.428125 0.275 0.0828125 0.259375
11 0.51171875 0.2921875 0.084375 0.24765625
11 0.7265625 0.62734375 0.2578125 0.20625
11 0.5484375 0.5796875 0.10234375 0.2375
11 0.30546875 0.62421875 0.140625 0.240625
11 0.20078125 0.63828125 0.15234375 0.2453125