3 0.51953125 0.1390625 0.28359375 0.278125
3 0.83671875 0.4359375 0.2328125 0.425
3 0.88046875 0.778125 0.2390625 0.39765625
3 0.68203125 0.76171875 0.165625 0.253125
3 0.446875 0.36015625 0.22421875 0.32890625
3 0.50625 0.67265625 0.20625 0.3875
3 0.221875 0.65234375 0.209375 0.21484375
3 0.3296875 0.82421875 0.19140625 0.1921875
3 0.0875 0.79140625 0.175 0.26171875
3 0.18984375 0.05859375 0.1296875 0.11640625
3 0.04140625 0.20234375 0.0828125 0.35703125
3 0.028125 0.46953125 0.05546875 0.16953125
3 0.29140625 0.38125 0.09609375 0.1109375
3 0.3203125 0.13203125 0.1625 0.16484375
3 0.159375 0.13515625 0.1625 0.08359375
3 0.265625 0.55703125 0.17734375 0.24375
3 0.07265625 0.5296875 0.1453125 0.171875