14 0.32265625 0.4109375 0.64453125 0.4390625
14 0.80703125 0.30078125 0.3859375 0.2109375
14 0.96875 0.4515625 0.06171875 0.10625
3 0.9296875 0.75 0.13984375 0.49921875
4 0.3953125 0.70546875 0.3515625 0.1375
12 0.55 0.709375 0.02890625 0.0359375
12 0.5453125 0.60234375 0.02734375 0.0375
11 0.4703125 0.571875 0.1765625 0.1140625
8 0.5859375 0.64921875 0.06796875 0.08046875
2 0.628125 0.725 0.1046875 0.10625
14 0.646875 0.67734375 0.028125 0.01171875
4 0.77578125 0.67421875 0.17734375 0.1296875
4 0.76640625 0.7578125 0.1984375 0.1265625
3 0.9296875 0.75234375 0.13984375 0.49453125