4 0.6 0.80625 0.79375 0.3875
4 0.47578125 0.37890625 0.41875 0.20625
4 0.49453125 0.58984375 0.2234375 0.20546875
12 0.26640625 0.9296875 0.08671875 0.096875
12 0.875 0.22734375 0.1328125 0.11953125
11 0.81953125 0.340625 0.240625 0.25546875
6 0.93046875 0.43984375 0.1390625 0.28125
6 0.62265625 0.21171875 0.65546875 0.128125
11 0.2328125 0.61796875 0.365625 0.31796875
12 0.11328125 0.4296875 0.103125 0.04453125
2 0.75078125 0.5375 0.2421875 0.19921875
14 0.79140625 0.54296875 0.11640625 0.084375
11 0.9546875 0.871875 0.090625 0.25546875