4 0.14609375 0.590625 0.2484375 0.1578125
10 0.55234375 0.31640625 0.24765625 0.175
10 0.728125 0.26171875 0.21953125 0.2140625
10 0.9015625 0.2609375 0.196875 0.13203125
10 0.87265625 0.38046875 0.25390625 0.18671875
2 0.03828125 0.69453125 0.0765625 0.0890625
14 0.05078125 0.7234375 0.025 0.0171875
8 0.115625 0.703125 0.07578125 0.046875
11 0.23203125 0.67890625 0.1515625 0.06796875
12 0.16171875 0.7140625 0.03359375 0.0234375
4 0.03125 0.7828125 0.06171875 0.059375
3 0.02421875 0.93203125 0.04765625 0.0859375
8 0.296875 0.93046875 0.253125 0.1390625
8 0.49375 0.71484375 0.55390625 0.43515625