11 0.07890625 0.02265625 0.1578125 0.0453125
12 0.13359375 0.01953125 0.0359375 0.0390625
3 0.31953125 0.275 0.6390625 0.45390625
4 0.61875 0.36171875 0.20234375 0.16015625
4 0.6625 0.296875 0.21640625 0.13359375
2 0.80078125 0.33671875 0.134375 0.1265625
12 0.77109375 0.38203125 0.046875 0.04375
11 0.88828125 0.44609375 0.2234375 0.15625
12 0.971875 0.503125 0.05625 0.03984375
8 0.3828125 0.659375 0.1640625 0.13203125
8 0.66015625 0.71875 0.37890625 0.24140625
8 0.84453125 0.8140625 0.3109375 0.20625