4 0.1828125 0.37734375 0.36484375 0.4734375
4 0.35546875 0.2203125 0.2109375 0.228125
11 0.321875 0.75390625 0.64375 0.49140625
11 0.70859375 0.41015625 0.19921875 0.34765625
12 0.03046875 0.15234375 0.0609375 0.0375
12 0.696875 0.20859375 0.1484375 0.11015625
12 0.88203125 0.13828125 0.09140625 0.04140625
2 0.37421875 0.41171875 0.15390625 0.2828125
14 0.38984375 0.375 0.07734375 0.06328125
2 0.68203125 0.16796875 0.25625 0.109375
6 0.86171875 0.49609375 0.2765625 0.43125
6 0.534375 0.41640625 0.30390625 0.61953125
11 0.91015625 0.27109375 0.1796875 0.2609375