11 0.0328125 0.16875 0.065625 0.05625
12 0.05078125 0.1546875 0.0296875 0.02734375
3 0.24921875 0.409375 0.4984375 0.371875
8 0.3578125 0.653125 0.07265625 0.08125
8 0.43671875 0.8203125 0.44375 0.24296875
8 0.81484375 0.728125 0.3703125 0.44453125
8 0.67109375 0.49140625 0.05390625 0.0578125
4 0.8125 0.43984375 0.26328125 0.09921875
12 0.7015625 0.4375 0.028125 0.02421875
2 0.64453125 0.4375 0.0765625 0.08203125
14 0.62734375 0.46796875 0.02265625 0.0171875
4 0.55078125 0.41484375 0.1359375 0.0859375
4 0.5375 0.46953125 0.12109375 0.09375
11 0.76640625 0.54609375 0.1453125 0.08984375
12 0.70703125 0.52265625 0.025 0.02890625