12 0.66796875 0.265625 0.13984375 0.13203125
2 0.425 0.553125 0.28203125 0.26953125
2 0.128125 0.2078125 0.253125 0.33125
4 0.34765625 0.2890625 0.4734375 0.21796875
4 0.1453125 0.4765625 0.24765625 0.26875
4 0.24921875 0.76171875 0.49765625 0.284375
11 0.6140625 0.84765625 0.76953125 0.3046875
11 0.66015625 0.38359375 0.2578125 0.25625
11 0.6671875 0.07265625 0.5703125 0.14453125
6 0.6484375 0.19609375 0.703125 0.3328125
6 0.78046875 0.52421875 0.365625 0.36796875
14 0.43359375 0.56171875 0.10390625 0.10625