6 0.90546875 0.121875 0.18828125 0.24375
6 0.3140625 0.1109375 0.21484375 0.22109375
11 0.10625 0.22265625 0.2125 0.4453125
11 0.7046875 0.12421875 0.2265625 0.24765625
4 0.39296875 0.22890625 0.41484375 0.23359375
4 0.74296875 0.53671875 0.51328125 0.6640625
4 0.38046875 0.425 0.50625 0.17578125
2 0.78515625 0.23125 0.303125 0.328125
14 0.85390625 0.14140625 0.13125 0.04921875
2 0.1578125 0.63125 0.315625 0.2671875
14 0.22734375 0.5203125 0.07890625 0.01640625
12 0.5921875 0.50234375 0.0984375 0.08828125
11 0.33125 0.70625 0.53125 0.45625
12 0.6703125 0.72890625 0.15078125 0.11484375