11 0.25078125 0.58671875 0.45390625 0.38046875
12 0.6078125 0.065625 0.11796875 0.0859375
11 0.60390625 0.24765625 0.184375 0.28984375
6 0.33203125 0.33671875 0.240625 0.32109375
6 0.78046875 0.14375 0.2671875 0.28671875
2 0.80546875 0.33359375 0.2484375 0.23046875
14 0.83671875 0.26796875 0.08046875 0.0671875
4 0.54140625 0.49375 0.1984375 0.29453125
4 0.7390625 0.60859375 0.3234375 0.28046875
2 0.77265625 0.85 0.221875 0.26953125
14 0.734375 0.73984375 0.0546875 0.0453125
11 0.9125 0.7875 0.17421875 0.3921875
12 0.91171875 0.5703125 0.103125 0.04375
4 0.953125 0.43671875 0.09375 0.4140625
12 0.14765625 0.43984375 0.1890625 0.1390625