11 0.1546875 0.6 0.30859375 0.60546875
11 0.6328125 0.53828125 0.2234375 0.27890625
4 0.31640625 0.28515625 0.38359375 0.44296875
4 0.565625 0.26171875 0.18984375 0.19375
4 0.81796875 0.44375 0.20703125 0.2953125
2 0.859375 0.30546875 0.28125 0.19453125
2 0.50390625 0.3875 0.171875 0.15234375
6 0.83203125 0.6515625 0.3359375 0.3828125
6 0.39609375 0.503125 0.28203125 0.46171875
14 0.46640625 0.39296875 0.04765625 0.04609375
12 0.40078125 0.06953125 0.0828125 0.034375
12 0.6390625 0.38984375 0.12109375 0.09609375