2 0.08046875 0.4328125 0.1609375 0.31875
2 0.51875 0.61171875 0.27421875 0.240625
14 0.55859375 0.6125 0.10625 0.090625
12 0.071875 0.21640625 0.0609375 0.08046875
4 0.3703125 0.8453125 0.740625 0.30625
4 0.3265625 0.4171875 0.43125 0.19296875
4 0.24453125 0.62265625 0.2390625 0.23515625
11 0.3984375 0.25546875 0.58125 0.1859375
11 0.26328125 0.09375 0.2359375 0.1875
11 0.83046875 0.80546875 0.3390625 0.3890625
6 0.86328125 0.2828125 0.24765625 0.346875
6 0.83359375 0.49609375 0.3328125 0.41953125