12 0.2 0.8953125 0.0984375 0.096875
12 0.15078125 0.328125 0.09765625 0.04453125
12 0.31953125 0.43984375 0.0375 0.03828125
12 0.38828125 0.47265625 0.05078125 0.040625
12 0.746875 0.54140625 0.10703125 0.05625
6 0.89921875 0.6625 0.2015625 0.6625
6 0.471875 0.675 0.1578125 0.34921875
2 0.68125 0.8015625 0.23515625 0.09296875
4 0.12890625 0.925 0.175 0.14921875
4 0.52265625 0.921875 0.85234375 0.15546875
11 0.7453125 0.67734375 0.17265625 0.23203125
11 0.146875 0.62421875 0.27421875 0.528125
11 0.33984375 0.66015625 0.10703125 0.3796875