6 0.890625 0.69609375 0.21796875 0.6078125
6 0.41875 0.7 0.1734375 0.3328125
11 0.12265625 0.62421875 0.24453125 0.51015625
11 0.70234375 0.70234375 0.1765625 0.209375
11 0.28046875 0.67578125 0.07734375 0.325
4 0.1078125 0.940625 0.19296875 0.11875
4 0.51015625 0.93046875 0.8296875 0.1390625
12 0.1265625 0.3546875 0.09609375 0.04296875
12 0.26015625 0.5 0.0390625 0.02578125
12 0.7125 0.57890625 0.09609375 0.03984375
12 0.23359375 0.92890625 0.115625 0.09609375
2 0.6546875 0.82734375 0.234375 0.0765625