2 0.62734375 0.73515625 0.3359375 0.24609375
14 0.5015625 0.8046875 0.0609375 0.03828125
11 0.15546875 0.8171875 0.3109375 0.28671875
12 0.31015625 0.9453125 0.109375 0.08515625
12 0.76640625 0.3 0.0390625 0.0546875
11 0.553125 0.30703125 0.3859375 0.134375
11 0.27421875 0.4609375 0.20703125 0.3265625
12 0.23984375 0.26171875 0.1 0.0625
6 0.2734375 0.2765625 0.23125 0.52265625
6 0.2078125 0.67890625 0.415625 0.303125
4 0.440625 0.66015625 0.36875 0.17421875
4 0.74375 0.44375 0.5125 0.25625
4 0.62734375 0.48984375 0.153125 0.2765625
12 0.9859375 0.45625 0.02734375 0.06640625
2 0.46328125 0.4734375 0.190625 0.23671875
14 0.4625 0.38359375 0.05625 0.0390625