3 0.746875 0.221875 0.50546875 0.35
11 0.978125 0.05703125 0.04375 0.08828125
8 0.45546875 0.33984375 0.1046875 0.05703125
8 0.28984375 0.41171875 0.3078125 0.259375
8 0.43359375 0.7578125 0.5921875 0.484375
8 0.71171875 0.53046875 0.07265625 0.04453125
4 0.70703125 0.43203125 0.1109375 0.09609375
4 0.78984375 0.43125 0.0875 0.096875
2 0.778125 0.5015625 0.12109375 0.05234375
14 0.72734375 0.49453125 0.0234375 0.01640625
4 0.8125 0.62265625 0.1078125 0.196875
12 0.78125 0.53671875 0.03359375 0.0171875
12 0.665625 0.5515625 0.0359375 0.01875
11 0.64765625 0.5984375 0.12734375 0.10859375