4 0.3390625 0.725 0.678125 0.32421875
4 0.27890625 0.509375 0.2203125 0.24140625
4 0.35 0.359375 0.35546875 0.16171875
11 0.76953125 0.721875 0.4609375 0.55625
11 0.40703125 0.1953125 0.4859375 0.13671875
11 0.6109375 0.33828125 0.2078125 0.2734375
2 0.1375 0.3765625 0.1609375 0.27421875
2 0.503125 0.49609375 0.23515625 0.20703125
14 0.53359375 0.49296875 0.09609375 0.0671875
12 0.14453125 0.2 0.04140625 0.06015625
12 0.60546875 0.18359375 0.11875 0.09140625
6 0.81015625 0.1390625 0.196875 0.2328125
6 0.7765625 0.3421875 0.2859375 0.4859375