8 0.20390625 0.63671875 0.40703125 0.35078125
8 0.66171875 0.64921875 0.6765625 0.70078125
3 0.1703125 0.15703125 0.340625 0.3140625
11 0.6546875 0.3125 0.1734375 0.140625
12 0.54609375 0.2765625 0.02734375 0.040625
12 0.5609375 0.16953125 0.028125 0.03671875
4 0.7296875 0.18828125 0.3703125 0.18203125
4 0.359375 0.134375 0.19375 0.128125
4 0.31328125 0.190625 0.18515625 0.13984375
8 0.51171875 0.2390625 0.075 0.0703125
2 0.4828125 0.1671875 0.1296875 0.1171875
14 0.45546875 0.19765625 0.028125 0.0296875