3 0.31015625 0.41875 0.50859375 0.27421875
10 0.73828125 0.21875 0.20078125 0.15859375
11 0.49921875 0.27890625 0.06875 0.065625
12 0.521875 0.30078125 0.0203125 0.02265625
8 0.0421875 0.52578125 0.084375 0.0546875
8 0.30625 0.6484375 0.06171875 0.04765625
8 0.01484375 0.65078125 0.02890625 0.0859375
11 0.246875 0.70703125 0.1203125 0.103125
12 0.26171875 0.66796875 0.03515625 0.01953125
2 0.3578125 0.6125 0.1109375 0.0453125
14 0.31484375 0.6125 0.01953125 0.021875
4 0.403125 0.7015625 0.0984375 0.1734375
4 0.28671875 0.56796875 0.090625 0.0859375
4 0.35859375 0.55390625 0.07265625 0.07421875
8 0.16796875 0.83046875 0.33515625 0.33828125