11 0.93671875 0.325 0.1265625 0.421875
11 0.221875 0.77890625 0.44375 0.4375
11 0.5296875 0.4453125 0.225 0.26796875
4 0.1078125 0.33203125 0.215625 0.51171875
4 0.2515625 0.20703125 0.25078125 0.20859375
4 0.57265625 0.28515625 0.27109375 0.28359375
6 0.79296875 0.41015625 0.18359375 0.48046875
6 0.36015625 0.49296875 0.30703125 0.43984375
12 0.51875 0.296875 0.13828125 0.1078125
12 0.95 0.10078125 0.09765625 0.04921875
2 0.53359375 0.13828125 0.39140625 0.12421875
2 0.2875 0.37421875 0.2515625 0.18515625
14 0.23359375 0.3890625 0.0484375 0.065625