3 0.56875 0.17734375 0.821875 0.3546875
8 0.08515625 0.2609375 0.16953125 0.0859375
8 0.03828125 0.4515625 0.0765625 0.278125
8 0.26640625 0.76796875 0.53203125 0.4640625
4 0.48671875 0.38359375 0.16328125 0.15703125
4 0.6078125 0.38046875 0.140625 0.1625
4 0.64453125 0.66953125 0.1421875 0.30625
2 0.59296875 0.4875 0.17578125 0.07421875
14 0.52109375 0.4828125 0.025 0.01875
8 0.4953125 0.5453125 0.115625 0.0734375
12 0.5984375 0.5453125 0.0453125 0.0265625
12 0.4296875 0.5828125 0.05390625 0.021875
11 0.403125 0.67109375 0.19453125 0.1546875