6 0.7515625 0.2375 0.240625 0.475
6 0.36875 0.52109375 0.20859375 0.36953125
11 0.9203125 0.2796875 0.159375 0.18203125
11 0.61328125 0.3625 0.2046875 0.353125
11 0.13515625 0.56328125 0.246875 0.3375
12 0.634375 0.15234375 0.1078125 0.0765625
12 0.0875 0.74375 0.11328125 0.07421875
2 0.81640625 0.46171875 0.23515625 0.2640625
14 0.84921875 0.36875 0.0796875 0.04296875
4 0.878125 0.546875 0.24375 0.31015625
4 0.56328125 0.58203125 0.25078125 0.1890625
2 0.5890625 0.75234375 0.45546875 0.17265625