6 0.87265625 0.16484375 0.2515625 0.3296875
11 0.21640625 0.56953125 0.4328125 0.4953125
12 0.08359375 0.33125 0.1671875 0.15625
12 0.69921875 0.11796875 0.11796875 0.08671875
11 0.67421875 0.30625 0.20703125 0.31015625
11 0.87734375 0.85703125 0.2453125 0.2859375
11 0.67265625 0.9125 0.1921875 0.17421875
14 0.66484375 0.84765625 0.05234375 0.03359375
14 0.890625 0.37421875 0.10078125 0.0515625
2 0.8390625 0.43828125 0.26875 0.246875
6 0.3453125 0.359375 0.221875 0.38828125
4 0.96328125 0.61484375 0.0734375 0.48515625
4 0.52109375 0.56484375 0.184375 0.2890625
4 0.70234375 0.71796875 0.39921875 0.29140625
12 0.89453125 0.70546875 0.10390625 0.0578125