6 0.5234375 0.20546875 0.1734375 0.3359375
6 0.90703125 0.48671875 0.1859375 0.309375
4 0.49453125 0.5875 0.1796875 0.2125
4 0.4859375 0.4265625 0.37578125 0.14140625
4 0.54296875 0.8015625 0.73828125 0.33828125
12 0.23203125 0.88203125 0.075 0.0796875
12 0.83828125 0.26875 0.11796875 0.09453125
14 0.75234375 0.571875 0.0890625 0.06484375
2 0.71640625 0.56640625 0.22578125 0.1921875
11 0.0671875 0.665625 0.13359375 0.35234375
11 0.471875 0.196875 0.67109375 0.2453125
12 0.08046875 0.259375 0.05546875 0.0765625
2 0.06484375 0.9265625 0.1296875 0.146875
12 0.04921875 0.4859375 0.078125 0.0609375