4 0.59921875 0.125 0.38359375 0.24375
12 0.46015625 0.21015625 0.07578125 0.06015625
11 0.2265625 0.21015625 0.271875 0.159375
12 0.32890625 0.26171875 0.0609375 0.05546875
4 0.02890625 0.1546875 0.0578125 0.0984375
4 0.0203125 0.23359375 0.040625 0.0828125
2 0.10546875 0.14921875 0.1390625 0.1484375
14 0.08203125 0.1890625 0.0328125 0.0390625
8 0.61484375 0.3609375 0.3375 0.1734375
8 0.2875 0.55078125 0.46640625 0.19296875
8 0.540625 0.775 0.23984375 0.18515625
8 0.75625 0.66171875 0.4875 0.67578125