3 0.33046875 0.47734375 0.6609375 0.92578125
4 0.684375 0.5078125 0.18828125 0.22421875
12 0.7625 0.57421875 0.04140625 0.034375
12 0.5984375 0.61796875 0.040625 0.0359375
11 0.63984375 0.69296875 0.13046875 0.1703125
11 0.46015625 0.703125 0.18984375 0.1265625
12 0.5078125 0.77890625 0.05703125 0.0328125
2 0.81015625 0.6921875 0.1734375 0.10703125
14 0.8828125 0.7015625 0.01875 0.02578125
10 0.71953125 0.95078125 0.446875 0.0984375
4 0.53203125 0.85234375 0.19296875 0.21171875
4 0.65625 0.834375 0.21953125 0.1640625