6 0.24375 0.228125 0.190625 0.28203125
6 0.4890625 0.23125 0.24921875 0.4625
11 0.31484375 0.42890625 0.20625 0.2765625
11 0.06015625 0.58515625 0.1203125 0.3734375
11 0.78046875 0.38203125 0.4328125 0.42109375
4 0.78046875 0.7140625 0.35625 0.55546875
4 0.49765625 0.6734375 0.209375 0.203125
4 0.2265625 0.6578125 0.16875 0.2453125
2 0.5125 0.53125 0.209375 0.20390625
2 0.5359375 0.47421875 0.0890625 0.059375
2 0.18828125 0.8328125 0.3765625 0.165625
12 0.83125 0.93671875 0.103125 0.08046875
12 0.2796875 0.2703125 0.11875 0.08046875