3 0.1 0.33125 0.19921875 0.34609375
8 0.11171875 0.859375 0.2234375 0.23125
8 0.65390625 0.86640625 0.6921875 0.2640625
8 0.65625 0.70234375 0.68671875 0.41015625
4 0.21328125 0.365625 0.25703125 0.1375
4 0.1703125 0.45390625 0.26328125 0.16640625
4 0.70078125 0.371875 0.49609375 0.184375
12 0.48125 0.37890625 0.03984375 0.0453125
12 0.4953125 0.52734375 0.03828125 0.053125
11 0.659375 0.56328125 0.2796875 0.18515625
2 0.3796875 0.38828125 0.15078125 0.15546875
14 0.353125 0.43515625 0.0328125 0.03671875