8 0.87109375 0.78984375 0.2578125 0.41953125
8 0.0546875 0.6890625 0.109375 0.11875
8 0.53828125 0.7453125 0.36796875 0.20625
8 0.3046875 0.6828125 0.36640625 0.21328125
3 0.09921875 0.328125 0.19765625 0.421875
4 0.82421875 0.3265625 0.35078125 0.21015625
12 0.7109375 0.3984375 0.05703125 0.03984375
12 0.58203125 0.4359375 0.05859375 0.0359375
11 0.484375 0.37578125 0.21953125 0.109375
4 0.23984375 0.2953125 0.21953125 0.11640625
4 0.21484375 0.36171875 0.21875 0.13671875
2 0.390625 0.309375 0.121875 0.12421875
14 0.36953125 0.3484375 0.03046875 0.03046875