11 0.83046875 0.30546875 0.23359375 0.28671875
11 0.3625 0.18125 0.67109375 0.321875
12 0.8859375 0.1484375 0.11484375 0.0875
6 0.50234375 0.1890625 0.1890625 0.37734375
4 0.40859375 0.58984375 0.4109375 0.1796875
4 0.4984375 0.41640625 0.3921875 0.2046875
2 0.16171875 0.69375 0.3234375 0.184375
11 0.2640625 0.8328125 0.490625 0.31484375
12 0.53828125 0.69609375 0.08203125 0.08515625
12 0.01640625 0.309375 0.0328125 0.08125
4 0.67578125 0.7640625 0.6484375 0.46875
12 0.46875 0.92265625 0.1171875 0.109375
12 0.5375 0.70390625 0.0609375 0.09296875
2 0.8015625 0.50703125 0.26171875 0.2265625
14 0.8609375 0.47109375 0.11015625 0.06171875