8 0.11484375 0.57734375 0.22890625 0.22734375
8 0.21484375 0.4984375 0.09453125 0.046875
10 0.84296875 0.17265625 0.2234375 0.16484375
3 0.446875 0.3796875 0.49375 0.315625
11 0.60390625 0.2234375 0.0515625 0.0671875
12 0.6328125 0.25078125 0.015625 0.01796875
4 0.44765625 0.54765625 0.07890625 0.084375
4 0.51328125 0.54140625 0.06015625 0.0859375
8 0.25859375 0.821875 0.5171875 0.35546875
11 0.43046875 0.7078125 0.10390625 0.0921875
12 0.4375 0.65859375 0.03203125 0.01796875
12 0.52734375 0.62734375 0.0234375 0.01875
4 0.5703125 0.69609375 0.10703125 0.178125
8 0.471875 0.63359375 0.059375 0.0421875
2 0.51796875 0.5984375 0.1 0.0359375
14 0.47890625 0.59765625 0.0140625 0.01171875