10 0.55234375 0.14453125 0.35625 0.18671875
11 0.0921875 0.409375 0.184375 0.359375
6 0.2078125 0.44140625 0.234375 0.475
6 0.50859375 0.80546875 0.6078125 0.14453125
4 0.51171875 0.34296875 0.46328125 0.1765625
4 0.57734375 0.4609375 0.19375 0.24765625
4 0.60703125 0.65703125 0.37109375 0.171875
12 0.68203125 0.29921875 0.0546875 0.046875
12 0.40234375 0.44140625 0.09921875 0.0796875
12 0.9546875 0.88125 0.06328125 0.07578125
2 0.4109375 0.50546875 0.18203125 0.21328125
11 0.36328125 0.59921875 0.21484375 0.28984375
11 0.66484375 0.91484375 0.559375 0.16953125
2 0.8078125 0.63125 0.22265625 0.2421875
14 0.8421875 0.73203125 0.0578125 0.015625