10 0.9765625 0.33515625 0.046875 0.1578125
3 0.109375 0.43515625 0.21796875 0.4015625
3 0.12421875 0.67734375 0.08359375 0.09375
8 0.2359375 0.8203125 0.440625 0.328125
8 0.696875 0.65625 0.60625 0.43203125
4 0.51015625 0.3828125 0.2484375 0.078125
12 0.4109375 0.403125 0.02734375 0.028125
2 0.35546875 0.41171875 0.06171875 0.08671875
14 0.35 0.44296875 0.0203125 0.01640625
4 0.2546875 0.40546875 0.14765625 0.0703125
4 0.25859375 0.46328125 0.1390625 0.08203125
8 0.40234375 0.45703125 0.0609375 0.053125
11 0.50390625 0.49453125 0.14765625 0.08671875
12 0.4421875 0.4859375 0.028125 0.025