3 0.12109375 0.153125 0.24140625 0.30625
8 0.11640625 0.4328125 0.2328125 0.15859375
8 0.121875 0.675 0.24375 0.240625
8 0.5984375 0.63359375 0.803125 0.7328125
11 0.5609375 0.2859375 0.21484375 0.14140625
12 0.478125 0.2625 0.04765625 0.0515625
2 0.4046875 0.1515625 0.13046875 0.12265625
14 0.37734375 0.1828125 0.0390625 0.02890625
4 0.23046875 0.17890625 0.1953125 0.1359375
4 0.275 0.12265625 0.1984375 0.1265625
4 0.65859375 0.16328125 0.38046875 0.17890625
12 0.48828125 0.15 0.03671875 0.04765625