11 0.29609375 0.125 0.1390625 0.07890625
12 0.3671875 0.134375 0.02578125 0.02734375
3 0.4078125 0.42109375 0.76328125 0.48671875
8 0.8796875 0.60625 0.05625 0.06484375
8 0.50703125 0.70078125 0.08203125 0.0828125
8 0.471875 0.88828125 0.3390625 0.2109375
8 0.65859375 0.86953125 0.28515625 0.2234375
8 0.88359375 0.86796875 0.23203125 0.240625
8 0.89453125 0.74375 0.21015625 0.1171875
4 0.784375 0.496875 0.13828125 0.1046875
4 0.75078125 0.55 0.1265625 0.11015625
4 0.95625 0.559375 0.0875 0.090625
2 0.86953125 0.54140625 0.10546875 0.0796875
14 0.84375 0.56875 0.02421875 0.0125
12 0.9046875 0.64453125 0.028125 0.028125
11 0.959375 0.68203125 0.08125 0.10234375