11 0.05703125 0.05703125 0.11328125 0.0640625
12 0.09375 0.04921875 0.0359375 0.04453125
3 0.290625 0.3 0.58046875 0.4046875
4 0.54375 0.36015625 0.19140625 0.14765625
4 0.59453125 0.296875 0.1953125 0.1203125
2 0.73203125 0.33203125 0.1359375 0.13828125
14 0.70078125 0.37109375 0.04453125 0.04375
11 0.82734375 0.4296875 0.2390625 0.16171875
12 0.91328125 0.4859375 0.08203125 0.040625
8 0.63046875 0.546875 0.31796875 0.16640625
8 0.5 0.6890625 0.41015625 0.1609375
8 0.80546875 0.7 0.1328125 0.13515625
8 0.5640625 0.83671875 0.175 0.18359375