2 0.0734375 0.4078125 0.146875 0.321875
2 0.50703125 0.575 0.275 0.23359375
11 0.35546875 0.21640625 0.63359375 0.16015625
11 0.6265625 0.3953125 0.24453125 0.2734375
12 0.06875 0.1875 0.05078125 0.075
12 0.63125 0.25703125 0.13828125 0.1078125
6 0.859375 0.21328125 0.24453125 0.29765625
6 0.81953125 0.43984375 0.3609375 0.42890625
11 0.784375 0.790625 0.43125 0.41875
4 0.309375 0.39296875 0.4125 0.1984375
4 0.23828125 0.590625 0.2375 0.24765625
4 0.35703125 0.82734375 0.7140625 0.3453125
14 0.54140625 0.57890625 0.11171875 0.08046875