2 0.75546875 0.86484375 0.221875 0.2703125
14 0.7421875 0.7453125 0.046875 0.0359375
6 0.4453125 0.325 0.2078125 0.45390625
6 0.90859375 0.1953125 0.1828125 0.390625
4 0.91796875 0.53046875 0.1640625 0.2765625
4 0.6359375 0.55625 0.17890625 0.29375
2 0.909375 0.40234375 0.18125 0.2265625
11 0.7984375 0.27578125 0.22734375 0.34140625
12 0.8265625 0.0625 0.128125 0.0890625
12 0.0921875 0.790625 0.13046875 0.075
11 0.190625 0.48046875 0.38125 0.55234375
11 0.95 0.8421875 0.09921875 0.315625
12 0.96484375 0.653125 0.0703125 0.03359375