11 0.47265625 0.3015625 0.5859375 0.13515625
11 0.33125 0.1265625 0.2390625 0.25234375
12 0.15625 0.29453125 0.05078125 0.07734375
12 0.20625 0.984375 0.071875 0.03125
4 0.5640625 0.84375 0.871875 0.31171875
4 0.45546875 0.4671875 0.39609375 0.2234375
4 0.4609375 0.65703125 0.21015625 0.25625
2 0.72109375 0.625 0.2640625 0.2625
14 0.76484375 0.60859375 0.12578125 0.09140625
2 0.20625 0.51171875 0.203125 0.3296875
11 0.08984375 0.64921875 0.171875 0.6703125
6 0.909375 0.3015625 0.18125 0.303125
6 0.9140625 0.51171875 0.171875 0.3171875