11 0.1046875 0.3640625 0.20859375 0.52734375
11 0.59140625 0.78359375 0.1765625 0.3453125
12 0.65546875 0.6046875 0.08046875 0.03984375
6 0.21796875 0.32109375 0.2671875 0.2421875
6 0.69765625 0.1609375 0.2234375 0.32109375
11 0.509375 0.26484375 0.1796875 0.2
12 0.496875 0.14609375 0.09765625 0.078125
2 0.646875 0.37890625 0.19609375 0.184375
14 0.6671875 0.33203125 0.06875 0.06953125
4 0.38984375 0.44921875 0.19453125 0.25234375
4 0.49609375 0.596875 0.3046875 0.1796875
4 0.82109375 0.56640625 0.2328125 0.47734375
12 0.80234375 0.75078125 0.09765625 0.05546875