11 0.43984375 0.328125 0.2984375 0.50546875
11 0.39609375 0.56484375 0.21875 0.30234375
11 0.146875 0.52578125 0.25390625 0.28515625
12 0.428125 0.05078125 0.12109375 0.0953125
12 0.3859375 0.4046875 0.12265625 0.09140625
12 0.09140625 0.36328125 0.12578125 0.0890625
0 0.053125 0.1859375 0.10546875 0.04296875
0 0.05234375 0.2078125 0.0953125 0.03828125
0 0.08671875 0.23046875 0.109375 0.0484375
6 0.79140625 0.446875 0.2046875 0.38203125
6 0.90625 0.596875 0.1875 0.39375
2 0.1734375 0.9234375 0.23515625 0.153125
2 0.84609375 0.81953125 0.26875 0.275
4 0.4578125 0.81171875 0.35703125 0.33359375
4 0.696875 0.903125 0.26171875 0.19375
4 0.92578125 0.92890625 0.1484375 0.14140625
14 0.90078125 0.77265625 0.115625 0.053125