12 0.44453125 0.81484375 0.08515625 0.07890625
12 0.19921875 0.396875 0.08515625 0.040625
11 0.22578125 0.59453125 0.21875 0.3390625
2 0.19765625 0.88359375 0.1984375 0.20546875
2 0.81953125 0.55 0.240625 0.1515625
14 0.8796875 0.57109375 0.07265625 0.06875
4 0.66640625 0.571875 0.28671875 0.1421875
4 0.6484375 0.74921875 0.56796875 0.25625
4 0.60390625 0.39140625 0.334375 0.1234375
11 0.890625 0.41484375 0.21875 0.1234375
11 0.621875 0.1296875 0.653125 0.1796875
12 0.24609375 0.13125 0.0796875 0.0796875
6 0.79296875 0.24375 0.4140625 0.17890625
6 0.93984375 0.52421875 0.11953125 0.1125