6 0.93125 0.225 0.13671875 0.275
6 0.94609375 0.43359375 0.1078125 0.3453125
14 0.82890625 0.5421875 0.115625 0.0796875
2 0.78046875 0.55859375 0.284375 0.25078125
12 0.1265625 0.96953125 0.13515625 0.0609375
12 0.29375 0.97578125 0.096875 0.0484375
12 0.16484375 0.24375 0.0625 0.075
11 0.49140625 0.22578125 0.61796875 0.1578125
11 0.34296875 0.09921875 0.27421875 0.1984375
11 0.11015625 0.584375 0.21953125 0.6875
4 0.525 0.60078125 0.22890625 0.26171875
4 0.4875 0.40625 0.40859375 0.25390625
4 0.59140625 0.80078125 0.8171875 0.39765625
2 0.23125 0.46328125 0.25234375 0.3453125