12 0.1640625 0.246875 0.04453125 0.053125
12 0.2921875 0.15078125 0.04453125 0.0578125
12 0.415625 0.08125 0.0421875 0.08203125
12 0.54765625 0.078125 0.04296875 0.0484375
12 0.7265625 0.15859375 0.04609375 0.06171875
12 0.85703125 0.24921875 0.0484375 0.06328125
12 0.71171875 0.64453125 0.03984375 0.05
12 0.56171875 0.5609375 0.0453125 0.0515625
12 0.39765625 0.5515625 0.040625 0.05390625
12 0.2859375 0.609375 0.040625 0.05234375
11 0.23671875 0.4203125 0.16328125 0.334375
11 0.33359375 0.346875 0.140625 0.3640625
11 0.4421875 0.3 0.1203125 0.39375
11 0.5515625 0.2875 0.0859375 0.37734375
11 0.6703125 0.36171875 0.159375 0.37578125
11 0.775 0.43203125 0.20703125 0.3625
11 0.6609375 0.8078125 0.13203125 0.31640625
11 0.5484375 0.7421875 0.08984375 0.33046875
11 0.43515625 0.7046875 0.11640625 0.27265625
11 0.34921875 0.790625 0.16015625 0.325