14 0.13125 0.36484375 0.08671875 0.2671875
14 0.50703125 0.47578125 0.09765625 0.2890625
14 0.9265625 0.5875 0.1046875 0.290625
14 0.771875 0.22421875 0.0984375 0.25234375
14 0.43046875 0.159375 0.08828125 0.22734375
2 0.1140625 0.0890625 0.0890625 0.178125
2 0.15390625 0.640625 0.3078125 0.71875
2 0.50546875 0.675 0.3859375 0.65
2 0.85234375 0.73359375 0.2953125 0.53203125
2 0.77421875 0.34375 0.35078125 0.3953125
2 0.43203125 0.246875 0.33515625 0.34375
2 0.13515625 0.13984375 0.2703125 0.2796875